file, node, defect, ratio, # of sides
L_1_C001H001S0001000001.jpg, 17531, 8.954893e-02, 6.731429e-01, 5.948862e+00 
L_2_C001H001S0001000001.jpg, 27217, 8.054427e-02, 6.740495e-01, 5.938495e+00 
L_3_C001H001S0001000001.jpg, 23876, 8.364602e-02, 6.742158e-01, 5.946116e+00 
L_4_C001H001S0001000001.jpg, 23297, 8.348672e-02, 6.761864e-01, 5.935299e+00 
L_5_C001H001S0001000001.jpg, 25744, 8.839215e-02, 6.691502e-01, 5.921993e+00 
L_6_C001H001S0001000001.jpg, 12126, 8.447009e-02, 6.632946e-01, 5.907187e+00 
L_7_C001H001S0001000001.jpg, 28453, 9.375966e-02, 6.721285e-01, 5.927797e+00 
L_8_C001H001S0001000001.jpg, 24496, 9.160095e-02, 6.755233e-01, 5.942379e+00 
A_10_C001H001S0001000001.tif, 2508, 9.250162e-02, 6.336444e-01, 5.882262e+00 
A_1_C001H001S0001000001.tif, 3695, 1.033251e-01, 6.580344e-01, 5.826943e+00 
A_2_C001H001S0001000001.tif, 4045, 7.975576e-02, 6.497733e-01, 5.881901e+00 
A_3_C001H001S0001000001.tif, 3401, 1.268184e-01, 6.579753e-01, 5.866894e+00 
A_4_C001H001S0001000001.tif, 3992, 8.217279e-02, 6.619145e-01, 5.890785e+00 
A_5_C001H001S0001000001.tif, 4672, 1.087566e-01, 6.646157e-01, 5.875519e+00 
A_6_C001H001S0001000001.tif, 5026, 1.159314e-01, 6.640570e-01, 5.866102e+00 
A_7_C001H001S0001000001.tif, 3689, 9.310247e-02, 6.501363e-01, 5.885142e+00 
A_8_C001H001S0001000001.tif, 3893, 9.267302e-02, 6.651332e-01, 5.841066e+00 
A_9_C001H001S0001000001.tif, 4111, 8.634863e-02, 6.503237e-01, 5.904038e+00 
C_10_C001H001S0001000001.tif, 4861, 1.084726e-01, 6.482026e-01, 5.880990e+00 
C_1_C001H001S0001000001.tif, 3392, 9.575185e-02, 6.484580e-01, 5.896552e+00 
C_2_C001H001S0001000001.tif, 2448, 9.410561e-02, 6.427181e-01, 5.876387e+00 
C_3_C001H001S0001000001.tif, 2972, 9.384542e-02, 6.546921e-01, 5.864671e+00 
C_4_C001H001S0001000001.tif, 3326, 7.620315e-02, 6.358965e-01, 5.896835e+00 
C_5_C001H001S0001000001.tif, 3350, 1.066133e-01, 6.395409e-01, 5.895288e+00 
C_6_C001H001S0001000001.tif, 4018, 9.739809e-02, 6.539652e-01, 5.854127e+00 
C_7_C001H001S0001000001.tif, 4408, 8.338619e-02, 6.480663e-01, 5.858144e+00 
C_8_C001H001S0001000001.tif, 4165, 7.818231e-02, 6.554190e-01, 5.883396e+00 
C_9_C001H001S0001000001.tif, 3745, 9.534463e-02, 6.449132e-01, 5.882780e+00 
E_10_C001H001S0001000001.tif, 4096, 8.113452e-02, 6.455884e-01, 5.869565e+00 
E_1_C001H001S0001000001.tif, 3392, 8.182358e-02, 6.572492e-01, 5.885387e+00 
E_2_C001H001S0001000001.tif, 3332, 1.034451e-01, 6.495105e-01, 5.903869e+00 
E_3_C001H001S0001000001.tif, 2943, 1.055415e-01, 6.335373e-01, 5.903119e+00 
E_4_C001H001S0001000001.tif, 3638, 1.201970e-01, 6.617148e-01, 5.833421e+00 
E_5_C001H001S0001000001.tif, 3114, 1.065725e-01, 6.495908e-01, 5.919395e+00 
E_6_C001H001S0001000001.tif, 2692, 9.956766e-02, 6.450734e-01, 5.918427e+00 
E_7_C001H001S0001000001.tif, 4043, 1.023404e-01, 6.511882e-01, 5.866986e+00 
E_8_C001H001S0001000001.tif, 3324, 9.898925e-02, 6.474214e-01, 5.856065e+00 
E_9_C001H001S0001000001.tif, 4222, 9.590371e-02, 6.518667e-01, 5.873336e+00 
G_10_C001H001S0001000001.tif, 2891, 8.898909e-02, 6.514163e-01, 5.885676e+00 
G_1_C001H001S0001000001.tif, 4075, 9.755901e-02, 6.581864e-01, 5.867996e+00 
G_2_C001H001S0001000001.tif, 3650, 1.006838e-01, 6.441716e-01, 5.862361e+00 
G_3_C001H001S0001000001.tif, 3969, 1.167053e-01, 6.409358e-01, 5.872133e+00 
G_4_C001H001S0001000001.tif, 4250, 1.034814e-01, 6.555824e-01, 5.865332e+00 
G_5_C001H001S0001000001.tif, 4483, 9.763327e-02, 6.438449e-01, 5.896522e+00 
G_6_C001H001S0001000001.tif, 2172, 8.956114e-02, 6.385863e-01, 5.892377e+00 
G_7_C001H001S0001000001.tif, 3075, 1.052482e-01, 6.510965e-01, 5.877603e+00 
G_8_C001H001S0001000001.tif, 3311, 9.895696e-02, 6.384663e-01, 5.872440e+00 
G_9_C001H001S0001000001.tif, 3319, 8.969936e-02, 6.494091e-01, 5.877265e+00 
H_10_C001H001S0001000001.tif, 3677, 1.104028e-01, 6.425089e-01, 5.872497e+00 
H_1_C001H001S0001000001.tif, 4906, 8.987909e-02, 6.601060e-01, 5.840251e+00 
H_2_C001H001S0001000001.tif, 3357, 9.585139e-02, 6.495830e-01, 5.930873e+00 
H_3_C001H001S0001000001.tif, 3230, 9.875402e-02, 6.539837e-01, 5.882141e+00 
H_4_C001H001S0001000001.tif, 4533, 1.075109e-01, 6.542506e-01, 5.899312e+00 
H_5_C001H001S0001000001.tif, 3645, 9.378100e-02, 6.434495e-01, 5.887940e+00 
H_6_C001H001S0001000001.tif, 4405, 7.585930e-02, 6.462331e-01, 5.877587e+00 
H_7_C001H001S0001000001.tif, 3111, 9.915475e-02, 6.454834e-01, 5.840642e+00 
H_8_C001H001S0001000001.tif, 4586, 1.178661e-01, 6.500208e-01, 5.837589e+00 
H_9_C001H001S0001000001.tif, 4505, 9.173675e-02, 6.528333e-01, 5.853659e+00 
I_10_C001H001S0001000001.tif, 3406, 8.781912e-02, 6.505075e-01, 5.928448e+00 
I_1_C001H001S0001000001.tif, 3742, 8.720567e-02, 6.401509e-01, 5.914181e+00 
I_2_C001H001S0001000001.tif, 5451, 1.000775e-01, 6.603487e-01, 5.885205e+00 
I_3_C001H001S0001000001.tif, 2757, 1.072313e-01, 6.447158e-01, 5.927299e+00 
I_4_C001H001S0001000001.tif, 3674, 1.095867e-01, 6.397972e-01, 5.916800e+00 
I_5_C001H001S0001000001.tif, 4875, 8.583158e-02, 6.589801e-01, 5.884416e+00 
I_6_C001H001S0001000001.tif, 3957, 1.059395e-01, 6.466015e-01, 5.921666e+00 
I_7_C001H001S0001000001.tif, 3758, 9.102283e-02, 6.434231e-01, 5.912500e+00 
I_8_C001H001S0001000001.tif, 4014, 1.064073e-01, 6.505004e-01, 5.857692e+00 
I_9_C001H001S0001000001.tif, 6074, 1.168766e-01, 6.613777e-01, 5.889814e+00 
J_10_C001H001S0001000001.tif, 5223, 9.368014e-02, 6.462480e-01, 5.946334e+00 
J_1_C001H001S0001000001.tif, 5082, 9.082367e-02, 6.451245e-01, 5.909196e+00 
J_2_C001H001S0001000001.tif, 5876, 8.744274e-02, 6.522842e-01, 5.933043e+00 
J_3_C001H001S0001000001.tif, 3583, 9.556012e-02, 6.486845e-01, 5.905125e+00 
J_4_C001H001S0001000001.tif, 4205, 7.584347e-02, 6.498696e-01, 5.926203e+00 
J_5_C001H001S0001000001.tif, 5523, 8.235640e-02, 6.591353e-01, 5.915603e+00 
J_6_C001H001S0001000001.tif, 8394, 9.889966e-02, 6.625194e-01, 5.887885e+00 
J_7_C001H001S0001000001.tif, 6108, 1.058559e-01, 6.509558e-01, 5.904092e+00 
J_8_C001H001S0001000001.tif, 7607, 1.043872e-01, 6.598676e-01, 5.855513e+00 
J_9_C001H001S0001000001.tif, 9892, 1.015107e-01, 6.683854e-01, 5.867814e+00 
K_1_C001H001S0001000001.tif, 6547, 8.629342e-02, 6.550952e-01, 5.948718e+00 
K_2_C001H001S0001000001.tif, 6956, 1.112509e-01, 6.600195e-01, 5.901262e+00 
K_3_C001H001S0001000001.tif, 4885, 8.679006e-02, 6.537911e-01, 5.906400e+00 
K_4_C001H001S0001000001.tif, 10524, 9.447436e-02, 6.606805e-01, 5.945997e+00 
K_5_C001H001S0001000001.tif, 7637, 9.663863e-02, 6.639131e-01, 5.891437e+00 
K_6_C001H001S0001000001.tif, 5800, 9.143216e-02, 6.599179e-01, 5.921542e+00 
K_7_C001H001S0001000001.tif, 7629, 1.027111e-01, 6.601086e-01, 5.883401e+00 