Area,Perimeter,Euler
1310719,4370.22873717373,0
1310719,4370.22873717373,0
1310714,4383.63632248041,-5
1310626,4580.03771310011,-53
1309869,5665.25995309671,-150
1307700,7114.10683754872,-50
1304636,8110.15847773526,-57
1301502,8735.41483354034,-67
1298344,9707.70718759446,-85
1295105,10370.235276216,-34
1292279,10638.0481164174,-29
1289965,10726.3340665305,-63
1288199,10871.5729434715,-44
1286732,11023.1113540025,-46
1285447,11224.2578301682,-52
1284279,11391.9642795595,-41
1283206,11539.3687814407,-41
1282202,11656.0869384205,-42
1281213,11851.7192791596,-58
1280305,11987.1127707937,-68
1279523,12066.3849736898,-78
1278793,12197.890942753,-68
1278118,12364.9862152481,-70
1277471,12468.9869003096,-74
1276805,12576.1686462708,-69
1276138,12665.6904935371,-68
1275502,12708.9595573357,-72
1274926,12779.5991521149,-66
1274332,12851.7864232577,-76
1273866,12917.1188004431,-88
1273426,13016.1607104453,-88
1272945,13120.9699136335,-97
1272516,13238.5524052688,-100
1272125,13324.1077934721,-100
1271704,13437.0173643732,-101
1271278,13527.5546475991,-102
1270853,13620.0275179691,-103
1270449,13714.1664694408,-109
1270070,13776.9126143399,-106
1269716,13869.1949151599,-111
1269320,13972.0290629579,-114
1268964,14059.5595065513,-119
1268615,14141.1715556548,-113
1268277,14222.132959616,-111
1267922,14311.5989903535,-101
1267576,14413.322417417,-98
1267254,14476.4333531334,-110
1266945,14557.2205358274,-116
1266669,14629.121952645,-121
1266348,14714.8515621155,-126
1266015,14864.6122584869,-123
1265691,14968.8661013078,-135
1265361,15091.0098806197,-139
1265004,15218.2077197658,-133
1264620,15341.5575045872,-126
1264245,15410.9516256108,-116
1263877,15448.3186432023,-121
1263499,15556.0952177768,-124
1263141,15611.0268492881,-126
1262780,15673.5429563911,-138
1262409,15789.3246139035,-146
1262061,15866.2242740266,-146
1261685,15955.2860457008,-128
1261345,16018.262228396,-127
1261046,16047.6636312957,-113
1260722,16129.3151486453,-120
1260406,16193.211482525,-120
1260125,16270.7454395076,-121
1259840,16313.3802064467,-126
1259557,16372.429398325,-132
1259236,16426.6545681651,-138
1258951,16492.9234448179,-129
1258673,16531.0200440438,-124
1258399,16601.4854175558,-130
1258143,16655.3063283325,-126
1257863,16719.1073774373,-127
1257617,16768.810727847,-126
1257371,16851.4776811561,-136
1257129,16893.842942053,-134
1256863,16953.1616399735,-137
1256602,17006.6966964252,-126
1256395,17088.6735363459,-130
1256144,17172.5070269185,-130
1255892,17273.5403405936,-125
1255657,17365.4973188424,-126
1255412,17419.3576978652,-124
1255148,17520.2793784825,-125
1254897,17562.6282910965,-113
1254649,17644.9304535884,-119
1254408,17700.9728058342,-120
1254169,17760.9979654259,-126
1253888,17842.4194449794,-132
1253616,17947.2449964504,-130
1253358,17966.4362232259,-120
1253123,18016.6391174739,-116
1252843,18094.7284348238,-103
1252583,18160.7114571515,-105
1252323,18210.050016744,-100
1252053,18254.485617806,-90
1251823,18285.5531018075,-78
1251606,18328.3226217677,-86
1251345,18373.6389057682,-88
1251080,18441.2485409516,-84
1250840,18480.3047596082,-83
1250621,18525.4862905875,-82
1250401,18594.5714373228,-94
1250164,18646.3614761804,-86
1249919,18680.4752680605,-73
1249714,18750.0041421052,-56
1249513,18784.5548896142,-55
1249306,18830.0059266358,-53
1249103,18883.3667618202,-48
1248882,18926.4616043516,-44
1248650,18997.1964839058,-32
1248437,19038.8158148854,-28
1248235,19074.6909726423,-29
1248029,19135.4851821146,-26
1247812,19192.9077611371,-23
1247583,19264.4838553837,-4
1247393,19306.9838693017,5
1247191,19350.8641099965,3
1247004,19368.1197496279,13
1246782,19427.0736567312,14
1246603,19468.8277407319,25
1246383,19523.338764897,29
1246162,19590.0513688592,40
1245943,19666.014529515,35
1245720,19745.0634662955,40
1245492,19831.9432647466,28
1245202,19921.5045802591,31
1244933,19994.0797621823,36
1244639,20133.8997884718,24
1244307,20245.5638856172,42
1244018,20367.6681966829,42
1243707,20471.7083499905,50
1243379,20568.5288185236,72
1243033,20651.2910566077,72
1242684,20776.6717133482,95
1242315,20884.81307874,101
1241981,20919.6333322912,100
1241609,20987.4730052708,98
1241315,21056.3117659271,120
1241004,21100.3825761719,126
1240669,21115.1309200092,160
1240340,21157.8051551945,188
1240037,21205.8982410313,200
1239746,21227.2550927469,210
1239477,21263.3602882999,223
1239182,21317.2206673227,233
1238907,21329.8986709949,246
1238633,21368.1463715248,263
1238356,21377.6269660145,274
1238063,21373.7952599725,283
1237800,21373.8510765014,278
1237525,21413.6137568292,300
1237269,21376.5884100917,299
1237044,21372.5661344997,307
1236805,21362.2606736005,315
1236550,21380.0322053531,317
1236272,21386.3712071892,326
1236033,21408.7040266183,340
1235797,21429.7750240089,334
1235553,21443.8332544579,340
1235319,21476.24149699,352
1235089,21494.7820786233,353
1234812,21513.1320907064,366
1234550,21541.7480954427,381
1234303,21546.706870502,387
1234030,21580.2816502976,388
1233769,21606.1603214437,402
1233499,21585.9536587086,404
1233214,21592.1020909947,414
1232966,21580.3605867898,423
1232765,21579.2498660553,422
1232517,21577.0284245862,443
1232270,21570.1340623829,459
1232054,21562.319548995,475
1231826,21556.6706605473,488
1231592,21544.2226946712,515
1231356,21514.8607600176,524
1231120,21487.0301534448,536
1230838,21488.0061211582,540
1230597,21476.3993699744,554
1230354,21453.1463993608,563
1230102,21434.8916720527,567
1229855,21395.9538581344,586
1229614,21356.2306460527,598
1229389,21340.1415436847,593
1229176,21304.1316329067,594
1228940,21272.508788538,596
1228671,21254.9441746182,597
1228432,21213.7617992676,579
1228201,21207.0185383682,575
1227961,21232.0886913875,581
1227707,21240.2285273465,584
1227461,21214.888868285,593
1227181,21204.8134451819,595
1226919,21173.4206386093,598
1226672,21143.4244070962,597
1226420,21111.9363157486,604
1226133,21101.4008170533,606
1225835,21071.7693763575,621
1225520,21039.4006020715,634
1225218,21001.8988314589,644
1224893,20984.6595401102,646
1224554,20965.0871742347,651
1224236,20965.491433298,659
1223930,20969.855379744,654
1223603,20935.8599926022,677
1223266,20924.0626718685,684
1222948,20907.6877151754,684
1222605,20879.4759695025,693
1222285,20848.7338080721,690
1221973,20838.7767897074,708
1221596,20862.125045096,701
1221252,20839.4669030958,720
1220892,20792.2150319513,727
1220492,20749.5244484832,733
1220129,20677.3929938694,727
1219750,20598.6530313773,727
1219382,20555.4629040709,736
1219072,20465.9015885584,740
1218760,20454.1995525997,749
1218444,20436.3490843548,756
1218103,20388.351283293,766
1217782,20381.0757819896,763
1217438,20357.7669948471,766
1217094,20306.2791585973,754
1216752,20231.6172882261,739
1216467,20209.7445443892,743
1216146,20170.3630031615,721
1215793,20118.99357165,711
1215418,20119.8742545884,691
1215063,20127.0775910801,672
1214756,20116.2562380598,665
1214379,20118.8261220633,660
1214044,20162.8805840253,633
1213712,20226.0309879877,587
1213351,20306.3812150528,543
1212984,20473.0395319188,487
1212566,20679.3815926205,383
1212091,21045.7898105927,242
1211568,21512.7943866111,86
1210987,22176.8278784281,-143
1210273,23166.9188509567,-455
1209361,24562.967032272,-894
1208215,26533.2246555301,-1482
1206787,29199.1617349373,-2212
1204885,32836.4518640094,-3177
1202478,37746.1218386847,-4455
1199518,43692.9141958393,-5960
1195404,52016.5229853326,-7901
1190103,62632.3321233503,-10130
1183319,75945.2901544002,-12832
1174802,92218.1992938539,-15815
1164333,112016.021231883,-19140
0,0,0
