Area,Perimeter,Euler
1310719,4370.22873717373,0
1310719,4370.22873717373,0
1310706,4403.74770044042,-11
1310448,4910.97503237879,-100
1309172,6225.95975327738,-94
1306609,7821.79053226444,-99
1302718,9619.95067296348,-164
1297782,11717.6975995366,-171
1292367,13147.014391281,-64
1287203,13795.779680381,-19
1282945,13988.5985559596,-70
1279458,14604.3348490288,-110
1276346,15197.9288922191,-87
1273700,15654.3122613695,-100
1271275,16064.2060375755,-135
1269065,16466.8310841585,-126
1267132,16951.6331168147,-181
1265389,17430.9441340075,-186
1263684,17841.4953270363,-203
1262102,18250.6104767594,-172
1260745,18612.2042492957,-211
1259451,18962.0007010983,-210
1258198,19268.3769877983,-217
1257024,19589.7942443412,-214
1255850,19868.4977974528,-215
1254709,20112.0258827982,-221
1253647,20345.4853167211,-227
1252683,20518.84065456,-219
1251807,20704.6834265212,-238
1250993,20879.839598483,-231
1250220,21106.7299927737,-244
1249507,21265.9154671058,-247
1248751,21429.9644317223,-243
1248083,21625.8662785036,-242
1247405,21796.6585040195,-225
1246718,21964.3880733741,-228
1246072,22115.3942435011,-239
1245391,22283.7513380346,-233
1244776,22510.0142071463,-239
1244164,22672.9919192743,-246
1243546,22807.3930949122,-245
1242940,22978.8917820993,-233
1242339,23064.2402524697,-200
1241771,23214.6515939834,-197
1241197,23368.7925850836,-209
1240655,23509.2074399864,-224
1240174,23681.284607504,-214
1239636,23845.6030781627,-182
1239160,24033.0561146968,-194
1238661,24242.2144454808,-190
1238126,24430.2064940993,-177
1237633,24594.6365978158,-165
1237040,24763.3026666377,-139
1236443,24918.600618399,-129
1235859,25041.831998482,-115
1235291,25188.966994321,-91
1234731,25346.9695831069,-61
1234187,25433.5798755158,-52
1233583,25517.3344295962,-45
1233053,25623.484391315,-33
1232514,25686.8811813565,-29
1231959,25757.6651057591,-20
1231464,25804.5521860864,-3
1230995,25818.5151317603,5
1230550,25843.7363860836,14
1230082,25877.136944612,17
1229662,25909.8146931863,44
1229210,25955.742154083,52
1228775,25997.8773771838,59
1228358,26050.4759341681,79
1227943,26067.0414604112,90
1227582,26083.2258475542,112
1227165,26123.179097432,126
1226783,26166.3134082095,138
1226409,26218.9841300056,146
1226044,26216.3978977192,149
1225695,26258.9768481295,171
1225325,26277.6685310666,160
1224961,26306.0544980067,161
1224621,26320.1127284557,166
1224300,26331.3383405394,171
1223945,26382.556670747,185
1223618,26414.1400468696,191
1223288,26437.123511441,208
1222969,26442.4865455637,205
1222646,26467.310312504,209
1222350,26472.3480240556,224
1222001,26462.2726009525,230
1221684,26484.7401734027,245
1221343,26509.429187322,267
1221014,26538.5842041427,283
1220670,26553.9995414052,288
1220342,26564.8767109544,302
1220023,26578.8396566284,320
1219700,26561.1961062164,327
1219401,26560.7360306241,350
1219093,26527.6213264208,372
1218781,26476.6725022554,375
1218488,26464.066663395,370
1218206,26474.7927316403,377
1217908,26453.935423763,377
1217601,26424.0739452711,374
1217330,26404.113668615,368
1217053,26371.3406352656,371
1216774,26317.2502184467,376
1216516,26305.5481824879,391
1216289,26284.7072228934,391
1216024,26263.81044677,390
1215795,26253.3144163208,390
1215515,26242.8578541177,394
1215303,26211.4650475451,394
1215054,26174.6697386037,399
1214830,26162.5634435816,396
1214603,26158.4064149685,402
1214380,26148.0451375404,413
1214182,26122.2454028866,420
1213954,26092.6534304369,424
1213718,26074.6287409248,438
1213494,26062.3318763527,442
1213294,26056.3181970877,455
1213059,26058.618575049,464
1212870,26086.8139724391,469
1212644,26104.1090803167,478
1212403,26113.1690674602,479
1212157,26135.6366399104,502
1211917,26150.84505934,518
1211674,26165.1727958312,529
1211415,26175.5735415054,536
1211165,26148.663086117,553
1210905,26180.3417470147,572
1210625,26189.5364871793,584
1210335,26179.7305701185,596
1210068,26137.7069800756,605
1209781,26119.0711136673,626
1209495,26104.13220028,637
1209213,26049.0263475015,647
1208922,26041.3071188886,659
1208582,26035.1423383198,676
1208259,26048.9705309726,694
1207978,26002.3134884415,710
1207665,25980.3454598296,718
1207401,25935.6403527253,718
1207104,25858.566471335,726
1206838,25822.0012001898,731
1206564,25739.9454237768,723
1206262,25668.3693295303,732
1206011,25620.910540553,741
1205753,25549.5644841026,747
1205510,25496.0525476142,767
1205296,25439.0342276549,775
1205041,25400.4775528367,772
1204814,25340.6429627951,774
1204560,25274.8505100173,783
1204368,25186.6694212816,790
1204140,25142.3685732407,800
1203930,25065.9453369927,806
1203722,25039.7086467099,826
1203502,24993.3769267499,833
1203293,24965.8716427482,835
1203110,24918.0085947075,838
1202916,24872.2322351148,843
1202716,24833.6755602965,851
1202512,24810.2320201329,856
1202308,24748.9777350684,855
1202078,24660.7177098405,858
1201891,24634.7832221655,855
1201687,24598.2179510203,848
1201490,24542.0803139995,854
1201294,24482.2062557117,862
1201110,24439.7062417937,865
1200919,24365.9087060781,867
1200734,24317.3160764029,866
1200552,24259.108099217,870
1200363,24223.4629792562,875
1200199,24149.5701587656,873
1200019,24094.5037742332,870
1199830,24031.2186172496,874
1199674,23975.8269101461,874
1199501,23941.1577578988,869
1199333,23863.5285161412,865
1199163,23820.1083510387,870
1198990,23780.0761646687,871
1198801,23713.4030289526,858
1198625,23668.4120675233,852
1198461,23624.8966176457,860
1198312,23556.1367934816,863
1198152,23498.9442522552,859
1197979,23450.9464511934,859
1197828,23406.3366288641,853
1197652,23348.1681199243,853
1197505,23274.1405464125,844
1197323,23219.2647314302,838
1197176,23171.1716455934,839
1197004,23126.7755127774,837
1196844,23088.3930592264,839
1196678,23050.4706812677,847
1196509,23002.3939437137,838
1196323,22953.3248901635,840
1196155,22901.4000982847,844
1195977,22845.68306861,840
1195806,22778.6451420767,830
1195597,22741.6034470563,821
1195419,22681.4993509724,809
1195238,22650.7013730132,793
1195044,22607.4159609318,789
1194827,22584.3766798315,778
1194637,22573.3647572611,767
1194422,22520.6150989728,750
1194228,22468.6903070941,749
1194030,22440.8038839923,730
1193837,22394.6069170534,726
1193641,22369.3067262379,708
1193457,22346.6091159916,676
1193268,22347.4734506472,654
1193059,22322.8797215029,631
1192837,22314.2634616688,624
1192644,22283.8466228096,590
1192454,22281.1651057483,572
1192238,22306.7742708521,552
1192059,22306.1630939559,529
1191835,22321.8315889778,478
1191612,22407.6401349405,440
1191387,22466.958832861,389
1191159,22548.0944580894,353
1190927,22617.4885791129,298
1190697,22769.7796912417,231
1190468,22839.0785274903,188
1190216,23020.3667834554,128
1189942,23212.1905381158,60
1189659,23445.9031297981,-44
1189330,23723.5354304212,-152
1189025,23966.1337879798,-257
1188723,24318.8649146031,-394
1188372,24710.1527160446,-512
1187986,25210.6367870836,-694
1187538,25899.8193684122,-918
1187046,26661.767701214,-1174
1186523,27470.7378673643,-1435
1185893,28503.2662656015,-1752
1185155,29795.3069901748,-2144
1184319,31338.6249203502,-2605
1183323,33233.6190729433,-3160
1182151,35520.2889377584,-3816
1180792,38313.203395118,-4605
1179034,41942.3632648334,-5600
1177000,46224.6005203244,-6737
1174395,51732.5865037727,-8137
1170957,59012.4767844325,-9958
1166932,67422.0970709627,-11890
1161778,78058.9732396125,-14262
1155703,90184.1105305077,-16705
1148038,105516.131342167,-19651
1138498,123939.175080587,-22886
1127504,144428.044665362,-26153
1113940,168609.940562088,-29351
1097883,195816.353699445,-32255
0,0,0
