Area,Perimeter,Euler
1310719,4370.22873717373,0
1310719,4370.22873717373,0
1310704,4409.11073456308,-13
1310505,4818.42322551665,-97
1309233,6458.46633945009,-167
1306021,8166.08919692323,-54
1302145,9099.39469221063,13
1298352,9787.83414854382,-25
1294869,10343.8706045926,-50
1291660,11005.2321559506,-62
1288446,11881.4962113155,-98
1285320,12729.065325452,-105
1282253,13218.681803544,-94
1279617,13585.2112311764,-112
1277381,14287.27873401,-174
1275291,14985.4981825189,-189
1273274,15637.1817981568,-212
1271435,16251.3377182969,-200
1269687,16721.1450210368,-180
1268128,17162.3199707576,-206
1266709,17522.7472060305,-201
1265392,17932.8777917131,-206
1264172,18168.6703001628,-201
1262997,18466.3840871022,-220
1261892,18720.1685884984,-215
1260842,19013.216226384,-226
1259795,19284.7491395695,-231
1258833,19544.5473202306,-240
1257920,19832.2319239935,-255
1257079,20105.7630125325,-268
1256234,20350.5202233507,-261
1255438,20586.7401108271,-269
1254658,20813.8210746678,-274
1253931,21032.6111012455,-272
1253184,21210.2976889648,-277
1252514,21431.3649735405,-281
1251825,21616.5965686054,-285
1251168,21789.7055203654,-278
1250531,21965.3612361656,-283
1249872,22167.1420091908,-282
1249191,22411.1369418089,-273
1248603,22589.1488520994,-260
1247999,22780.9494867965,-265
1247449,22984.0546700696,-275
1246882,23145.0573268075,-275
1246347,23343.5290575923,-273
1245791,23542.112421435,-264
1245220,23739.8151023393,-259
1244725,23915.2013120973,-265
1244188,24138.7990124304,-252
1243597,24353.5667634161,-252
1243042,24535.4661962774,-243
1242478,24734.5654522412,-214
1241845,24948.7220263307,-207
1241232,25142.497716418,-202
1240672,25195.7237985814,-188
1240101,25352.4741419312,-166
1239538,25449.4851800143,-160
1238982,25563.1012125866,-144
1238423,25660.1517189158,-124
1237831,25778.0037165934,-107
1237310,25837.7035536139,-89
1236759,25876.657715815,-97
1236231,25909.0264901011,-70
1235752,26010.2734932895,-53
1235265,26069.4737864717,-43
1234801,26170.4512836179,-41
1234374,26205.5573914942,-35
1233935,26231.4292909597,-33
1233535,26264.1465077802,-16
1233137,26305.7100222309,-15
1232721,26339.0942324765,-10
1232328,26360.8716915383,-13
1231914,26418.2942705608,-12
1231504,26447.3703508894,1
1231144,26476.3511464429,10
1230771,26533.2741816271,15
1230398,26581.0814131388,23
1230051,26616.6312483246,32
1229699,26622.0895672223,39
1229342,26699.4887711837,41
1228982,26741.7192790595,48
1228625,26799.4671806532,75
1228298,26856.3902158374,74
1227973,26910.3458796353,79
1227621,26998.9706956804,104
1227257,27033.6956644566,115
1226914,27072.4429088249,119
1226546,27159.4411120143,151
1226205,27203.6466752802,169
1225853,27235.4206209529,177
1225535,27239.6334660949,176
1225162,27295.1041096907,183
1224828,27301.0619724267,199
1224497,27362.4115422662,218
1224168,27422.476170104,228
1223838,27421.2701645945,238
1223518,27404.3003792881,243
1223206,27414.336334145,253
1222939,27398.5330861021,260
1222645,27403.2454750824,281
1222355,27385.6808611627,296
1222072,27391.7340086737,305
1221792,27410.0050842647,318
1221517,27420.0410391217,329
1221236,27420.826437285,339
1220956,27441.1678530412,357
1220672,27482.6360827169,360
1220396,27500.7560570039,363
1220143,27527.7617971673,368
1219878,27558.0044147593,373
1219598,27570.4523806353,371
1219326,27569.611165943,390
1219043,27564.3039483493,398
1218783,27562.1777916552,412
1218533,27556.6636562286,427
1218266,27551.2053373309,435
1218021,27566.2790037394,447
1217743,27607.7635816979,450
1217468,27615.6733798608,464
1217219,27639.0774517783,473
1216988,27651.7949236966,489
1216762,27673.8418888006,502
1216495,27672.5405985161,519
1216228,27681.3705478635,529
1215962,27718.9907232143,548
1215668,27704.5282337021,552
1215404,27731.1528347654,562
1215150,27746.1870329278,567
1214860,27764.7507345242,582
1214530,27777.6260794269,603
1214194,27782.6079744495,630
1213888,27803.4094657979,645
1213567,27833.3662290649,677
1213220,27825.0358235558,697
1212843,27779.9101091054,719
1212529,27780.965013311,754
1212150,27768.5892122467,771
1211804,27739.3620306142,788
1211451,27716.2996295507,793
1211131,27672.6099584059,797
1210814,27649.6659620806,810
1210479,27657.3457224474,822
1210171,27618.5426615502,847
1209846,27612.068906693,871
1209553,27543.1743295078,884
1209243,27474.7003596688,898
1208952,27428.0433171377,914
1208630,27375.4678801166,932
1208327,27314.459981131,937
1208036,27249.2065404378,948
1207770,27190.6732406807,952
1207463,27147.7294994532,950
1207212,27076.3045065106,948
1206955,27053.0910041431,956
1206704,27021.9118870838,960
1206460,26970.7724933684,961
1206209,26933.691330102,970
1205926,26867.7083077742,975
1205683,26801.7252854465,983
1205403,26757.8845129978,982
1205137,26729.7285838538,987
1204869,26672.3060048312,1001
1204617,26613.0267751568,1011
1204379,26552.0419961345,1030
1204114,26528.447354667,1038
1203894,26496.4433711982,1045
1203658,26464.130413441,1064
1203440,26415.2288094776,1070
1203200,26395.9028296809,1082
1202955,26355.6800737609,1089
1202727,26314.4418818814,1092
1202470,26254.4888871014,1090
1202242,26215.416320162,1089
1202017,26139.6831973024,1087
1201793,26073.3190358746,1090
1201536,26028.6533970164,1107
1201308,25953.5151027701,1114
1201061,25897.0290232149,1116
1200836,25831.2365704372,1120
1200588,25777.3367231683,1112
1200367,25723.8806032088,1118
1200142,25687.854344148,1124
1199935,25652.5181984756,1135
1199692,25619.1898047589,1126
1199483,25574.1035585546,1132
1199277,25522.2345832047,1125
1199074,25451.7692096927,1131
1198849,25402.3911818542,1143
1198629,25352.3625088733,1141
1198400,25301.262583404,1131
1198197,25254.835578669,1127
1197991,25234.2083085879,1133
1197746,25197.2224300964,1131
1197544,25163.0528216875,1138
1197308,25124.7656529115,1139
1197068,25080.0441975244,1143
1196829,25027.9451843784,1128
1196575,24971.7680791115,1130
1196343,24933.4250938066,1127
1196105,24867.4420714789,1142
1195877,24851.9083294781,1141
1195627,24789.4875071501,1137
1195364,24784.1802895564,1136
1195078,24745.2819438842,1151
1194811,24703.2420055585,1135
1194511,24637.2753315135,1125
1194252,24596.4019304512,1117
1193938,24515.345241715,1095
1193629,24520.9383136338,1096
1193328,24523.7545837163,1086
1193000,24495.7334075934,1075
1192741,24478.6288692658,1063
1192493,24457.0814480001,1049
1192189,24418.3342036319,1025
1191903,24374.033355591,1026
1191628,24378.055631183,1011
1191333,24361.5228015055,976
1191027,24371.3287185664,945
1190744,24371.7887941586,918
1190466,24368.55191673,896
1190128,24380.2376044059,866
1189809,24407.8939897116,821
1189502,24402.721525139,781
1189236,24455.5664682023,757
1188915,24504.9444960408,716
1188596,24587.1513737577,665
1188277,24632.8161002926,621
1187990,24700.3699189471,583
1187638,24893.0907048288,519
1187303,25090.7375692041,457
1186953,25292.1372031292,407
1186596,25461.7234231356,361
1186191,25709.4942452668,288
1185792,25963.6040692341,231
1185392,26198.999090301,173
1184970,26483.4862848814,85
1184472,26908.2372330607,-45
1183945,27320.5170954006,-147
1183334,27927.3907425569,-322
1182674,28645.4424863812,-507
1182016,29364.2728566884,-713
1181217,30393.2227066431,-1020
1180233,31861.609260405,-1428
1179130,33598.6634124215,-1955
1177690,36093.1440778096,-2649
1175950,39247.1037190187,-3526
1173760,43441.6662012929,-4642
1171012,48761.0625025874,-6020
1167614,55443.6617870362,-7734
1163529,63595.7352260181,-9707
1158090,74488.292014962,-12173
1151404,87697.1174128512,-14925
1143121,103746.418113533,-17974
1132991,122949.819980125,-21472
1120799,145123.162670052,-24860
0,0,0
