Area,Perimeter,Euler
1310719,4370.22873717373,0
1310719,4370.22873717373,0
1310703,4410.45149309375,-13
1310484,4831.83081082332,-85
1309238,6058.99923380345,-69
1306935,7164.09604228347,-89
1303711,8789.70936327024,-138
1299604,10456.2778267334,-97
1295122,11291.0505324593,-71
1290955,11876.7048858429,-39
1287436,12268.1697134736,-55
1284500,12548.5421526088,-51
1282195,12777.5682801959,-57
1280148,13119.5502186106,-66
1278427,13410.2974785349,-78
1276825,13695.8559256037,-58
1275351,13942.6208883778,-83
1273915,14303.3734462218,-101
1272568,14624.1169376591,-95
1271307,14878.7195337843,-98
1270136,15057.8585130921,-106
1269042,15318.9348640745,-117
1268090,15528.0142583664,-119
1267166,15756.7218350628,-154
1266289,15990.6249962951,-182
1265425,16217.9985861412,-191
1264517,16412.2738200669,-177
1263646,16604.9714859852,-200
1262855,16812.0989448503,-203
1262105,16949.1027010573,-219
1261400,17147.4560271038,-219
1260787,17320.1607198005,-237
1260145,17514.5639350668,-249
1259596,17685.2214075616,-256
1259034,17906.4629134045,-278
1258439,18092.9399822251,-287
1257888,18236.5522463104,-295
1257348,18425.9803382345,-303
1256738,18650.7445758311,-331
1256205,18794.6426942415,-339
1255657,18951.8367649007,-346
1255138,19120.7492198015,-345
1254642,19334.1367440104,-352
1254112,19490.3317269929,-359
1253628,19627.5260527499,-357
1253176,19754.3196328328,-358
1252745,19917.1394719764,-374
1252246,20107.8525059023,-379
1251816,20287.0867699851,-377
1251364,20472.223080275,-382
1250902,20678.9462800767,-412
1250400,20915.6820596743,-410
1249906,21101.6990529026,-415
1249359,21359.775335933,-420
1248824,21570.9808869189,-422
1248280,21827.0262980303,-425
1247724,22060.9294592626,-443
1247160,22299.0059973908,-445
1246601,22483.5869473134,-445
1246053,22639.4960759709,-435
1245512,22833.8434747083,-432
1244998,23009.9034495718,-434
1244430,23190.5410603947,-406
1243918,23340.9524019083,-394
1243386,23501.9714069291,-379
1242917,23602.6399297869,-373
1242410,23739.929540319,-371
1241916,23864.0021350944,-379
1241443,23999.1261206863,-379
1241031,24102.0160850132,-391
1240635,24203.0493986883,-391
1240245,24312.896313428,-391
1239863,24465.8544189819,-399
1239429,24666.6592242937,-409
1239006,24769.8186946629,-401
1238611,24899.6817025876,-396
1238221,25049.632968509,-399
1237827,25169.9527937346,-389
1237429,25337.9287491681,-381
1237047,25441.6272316217,-386
1236699,25554.3067647267,-403
1236347,25659.878246115,-398
1235971,25799.5240511372,-396
1235577,25910.2121805692,-385
1235213,26030.0555819198,-373
1234817,26186.0994635983,-362
1234424,26328.9263295203,-372
1234035,26469.0716783809,-373
1233607,26628.8683296092,-355
1233229,26763.420606551,-348
1232831,26944.66939427,-326
1232422,27091.0189919456,-309
1231999,27247.3092597031,-304
1231599,27341.2181733788,-288
1231169,27445.2188584402,-291
1230801,27509.8611222373,-281
1230416,27635.4323485278,-268
1230016,27771.5948900425,-273
1229616,27906.6467108226,-262
1229277,27964.8152197625,-251
1228895,28084.2543620497,-235
1228556,28141.9233271512,-229
1228204,28227.8829744178,-218
1227842,28361.0550245829,-209
1227507,28440.3503474423,-195
1227187,28499.2253180533,-190
1226865,28589.7067847503,-175
1226552,28689.1693020986,-169
1226221,28813.5114029163,-162
1225892,28888.9192032048,-140
1225556,28958.0438181861,-138
1225255,29058.7912775362,-137
1224963,29132.4540602307,-132
1224626,29223.4908872949,-119
1224300,29292.4807492552,-117
1223964,29375.5846581932,-104
1223660,29452.0242427241,-82
1223360,29506.265760847,-61
1223063,29551.5425766013,-52
1222744,29601.5712495822,-40
1222406,29663.5319963179,-31
1222082,29759.2417441165,-20
1221725,29823.0033249751,-16
1221423,29908.9629722418,-8
1221112,29967.2662342027,1
1220791,30057.3270935536,-2
1220455,30155.1629980462,13
1220107,30293.92812013,22
1219730,30454.0106256834,29
1219338,30549.0860766225,40
1218948,30671.1509194421,54
1218569,30806.5117145106,57
1218115,30949.4733334536,66
1217685,31065.4686804794,91
1217216,31195.2527519119,118
1216731,31349.9164068137,155
1216264,31437.9627425283,171
1215775,31529.5549299598,206
1215255,31630.2071045349,221
1214739,31717.5075103322,247
1214211,31792.8363741285,266
1213723,31891.7666510728,292
1213268,31982.1133647487,312
1212774,32086.0024167524,342
1212304,32138.7684233235,344
1211810,32164.108082385,375
1211323,32192.796251933,375
1210864,32246.5776944636,383
1210420,32295.2261406677,383
1210023,32367.3807152448,408
1209623,32382.8355207533,407
1209202,32402.3126018539,416
1208779,32429.6273163056,437
1208367,32474.4440564677,437
1207943,32524.2821598985,452
1207585,32537.6502769591,465
1207190,32583.8472438979,471
1206784,32648.6242607161,478
1206387,32702.4615197757,492
1206002,32746.3417604704,496
1205581,32846.8986502705,512
1205191,32898.2286135359,523
1204818,32947.7182744323,518
1204392,32970.4717012075,519
1203981,33012.6463925544,503
1203611,33039.1920571255,518
1203180,33106.1346988839,534
1202755,33161.7564437835,537
1202361,33182.5184668858,557
1201951,33249.2868873769,567
1201521,33302.4013364825,573
1201116,33359.0385173416,578
1200710,33403.4577701209,597
1200312,33443.9663803659,612
1199914,33460.6897795934,624
1199499,33482.9436625303,631
1199055,33546.2846360428,642
1198640,33587.4275431473,664
1198212,33646.0166594333,674
1197817,33643.9857875143,677
1197433,33661.510933188,694
1196996,33679.0360788617,699
1196556,33725.1772292716,700
1196160,33732.5480153501,703
1195751,33784.4333389827,701
1195368,33817.5316949033,711
1194952,33837.7941741672,714
1194583,33847.8859455531,714
1194174,33891.2897623728,720
1193807,33927.2043883758,724
1193431,33980.4141222563,732
1193055,34027.9913159719,727
1192640,34076.3702561338,723
1192226,34120.1157438074,717
1191808,34176.8876776877,717
1191347,34218.7601664267,711
1190883,34294.7627953286,717
1190443,34374.8598646342,705
1189971,34462.2392069237,711
1189489,34505.9683463146,699
1188952,34555.402190682,701
1188483,34650.6123946422,707
1187924,34757.7546723573,707
1187385,34836.5899196245,701
1186833,34929.5065173038,704
1186307,35039.9809572225,698
1185719,35154.8261152677,688
1185184,35255.7083276389,672
1184611,35409.3796665444,681
1184015,35489.1350649961,665
1183430,35602.3699584683,670
1182784,35697.6590989207,663
1182170,35748.9890621861,642
1181529,35866.3020477793,622
1180897,35981.4725283955,589
1180262,36097.158901133,577
1179582,36171.551265462,538
1178909,36293.6950447738,524
1178266,36342.2876744489,509
1177614,36458.6246923287,467
1176946,36563.4897120458,444
1176232,36640.4683086611,410
1175574,36836.1959341752,365
1174875,36992.3351006288,310
1174213,37169.2362901847,261
1173483,37386.8203112528,202
1172752,37582.0878611747,161
1172029,37840.9822389341,103
1171302,38097.1392831033,27
1170540,38369.0601070693,-46
1169809,38655.4039523016,-92
1169034,38952.8550048792,-149
1168239,39234.0822020677,-231
1167440,39626.7665785688,-279
1166601,40064.172410457,-378
1165729,40517.9137307922,-485
1164804,41080.9466054998,-615
1163885,41730.0970004584,-746
1162851,42432.1876232553,-925
1161814,43309.3786014852,-1130
1160632,44328.8410852697,-1335
1159377,45464.831156484,-1626
1157994,46858.5163716286,-1954
1156511,48542.4560745396,-2374
1154808,50628.1796093414,-2885
1152892,53163.898466609,-3504
1150739,56193.8182096084,-4244
1148129,60315.4339474616,-5242
1145126,65109.6272721542,-6366
1141384,71428.4863123311,-7831
1137038,78635.5646015911,-9408
1131700,87821.7236917761,-11256
1125136,99504.900634787,-13618
1117075,113647.816926127,-16221
1107403,130376.503867679,-19031
1096067,149749.129968382,-21893
0,0,0
