Area,Perimeter,Euler
1310719,4370.22873717373,0
1310719,4370.22873717373,0
1310714,4383.63632248041,-5
1310573,4706.25958453286,-87
1309460,6444.12225467609,-276
1305783,9344.59282541645,-201
1300416,11385.8536724343,-98
1294686,12451.3090102468,-45
1289916,12794.4535191663,-52
1285929,13167.9957137404,-89
1282575,13546.5688481855,-51
1279949,13791.29616736,-55
1277895,13878.382883644,-56
1276081,14116.1273275206,-60
1274544,14374.7916674839,-64
1272994,14766.7301140678,-100
1271516,15107.6475716745,-93
1270147,15381.7667171463,-97
1268779,15666.2076718002,-103
1267614,15922.1741464193,-95
1266411,16113.7447433203,-101
1265403,16245.3459971586,-111
1264402,16370.4340278935,-110
1263521,16553.3488967143,-126
1262626,16687.2505285138,-106
1261795,16851.3389613764,-101
1260949,16975.8552834612,-104
1260165,17089.3202147296,-106
1259435,17167.7348546506,-102
1258727,17252.2748068944,-105
1258089,17379.7026838367,-124
1257455,17526.6076418795,-135
1256797,17614.4797563269,-142
1256235,17745.8346240862,-159
1255606,17902.6966004938,-175
1255016,18037.8273577661,-162
1254494,18196.457471731,-153
1254017,18289.7157402644,-162
1253531,18397.1275240217,-173
1253012,18519.6524424336,-193
1252525,18640.3601784397,-204
1252037,18788.9312175844,-207
1251567,18890.3851386057,-210
1251123,19025.1116368147,-210
1250683,19143.2889570634,-205
1250255,19286.7106515987,-210
1249842,19445.1665442964,-226
1249405,19615.1339034028,-235
1248997,19734.3430078939,-254
1248573,19908.5626803884,-276
1248115,20077.7841095775,-287
1247657,20254.7642356256,-312
1247150,20465.3354897521,-324
1246635,20697.0335577981,-352
1246159,20892.30110772,-346
1245637,21085.3866844189,-368
1245102,21278.5280776467,-368
1244611,21409.0580789965,-369
1244105,21631.1407995318,-372
1243616,21753.3172754092,-377
1243099,21911.4478455358,-384
1242606,22071.9346101525,-378
1242087,22242.7268356684,-379
1241610,22370.6311364858,-377
1241150,22464.5958666903,-389
1240712,22590.5877003269,-377
1240314,22728.6463607396,-369
1239847,22827.4977011917,-362
1239435,22972.5854768288,-373
1239054,23116.5230634853,-369
1238639,23242.8565679759,-374
1238243,23379.899792429,-373
1237857,23494.9749882702,-362
1237457,23667.0290358246,-371
1237076,23797.0431450532,-387
1236711,23936.2125262004,-388
1236363,24051.0345642822,-385
1235992,24174.9002412248,-392
1235587,24316.2515955949,-376
1235245,24425.5036817213,-360
1234883,24564.5777780934,-347
1234502,24693.4811665875,-355
1234152,24786.1051382614,-342
1233782,24915.7708049556,-329
1233435,25028.7756606317,-332
1233094,25108.6821603873,-324
1232742,25243.194969083,-318
1232413,25347.5767932445,-315
1232055,25456.1945825114,-325
1231693,25538.4572767572,-315
1231338,25628.0185922696,-293
1230941,25709.7095778653,-275
1230537,25809.6879873348,-263
1230211,25860.7879128041,-253
1229839,25963.5431241099,-242
1229486,26026.5982432974,-234
1229111,26109.0909753393,-236
1228767,26182.5237202377,-221
1228430,26267.2215454658,-220
1228099,26324.9694470595,-203
1227760,26383.4238103244,-196
1227406,26444.2112481163,-185
1227083,26510.4243082401,-182
1226762,26541.4523239955,-173
1226459,26604.2379371407,-168
1226159,26681.3118185311,-155
1225874,26731.4915928158,-146
1225582,26787.6686980827,-137
1225296,26824.8451461242,-123
1224988,26871.8111629436,-119
1224704,26926.6475096799,-115
1224415,26978.3586120454,-121
1224144,27004.5626057625,-100
1223887,27071.6563488248,-91
1223592,27108.1032152317,-83
1223312,27175.4269960902,-74
1222994,27239.609184295,-52
1222721,27311.2247467876,-51
1222450,27374.526252054,-29
1222155,27423.4442043003,-20
1221875,27468.3956974835,-13
1221589,27548.6669880564,-21
1221287,27640.0127894089,-6
1221000,27702.7589343081,-8
1220688,27770.3685694915,-3
1220371,27891.4574445977,8
1220018,27953.2276217834,8
1219689,28034.0937409696,24
1219350,28130.8189247277,16
1219005,28253.4227796318,31
1218638,28371.3700620844,46
1218234,28453.5211232724,77
1217842,28563.423854541,103
1217446,28630.4617810743,127
1217045,28757.3737658955,142
1216614,28845.9591136945,178
1216232,28906.2701276113,193
1215816,28971.5630365506,207
1215373,29076.6580940638,223
1214955,29137.7776261073,235
1214509,29215.485804357,249
1214064,29224.2368172122,265
1213666,29272.5830608085,269
1213213,29311.2908369306,291
1212804,29303.8574626428,301
1212400,29290.2756560689,309
1212034,29252.6949489641,318
1211636,29270.7591067223,337
1211271,29322.1680064799,347
1210910,29320.1371345608,344
1210568,29354.1161734198,340
1210197,29359.9950996636,339
1209876,29378.5751495429,360
1209516,29391.6179440323,364
1209174,29462.8292474616,367
1208858,29478.9183498296,370
1208513,29526.7255813414,389
1208212,29524.8458107263,376
1207885,29605.5608286085,400
1207548,29656.7002223239,413
1207229,29673.6700076303,428
1206900,29717.415495304,440
1206557,29758.3841811413,450
1206203,29755.9327018761,460
1205886,29819.3920801269,485
1205551,29830.9988313107,481
1205201,29856.9891355145,488
1204877,29868.9606775155,495
1204539,29930.4055321301,511
1204201,29978.538086213,529
1203815,30023.0131555211,539
1203455,30067.3929400543,547
1203112,30099.9128156442,551
1202786,30118.9529411158,561
1202452,30132.9158867897,583
1202161,30115.0654185449,593
1201807,30115.2396398121,608
1201467,30131.7888177724,616
1201152,30151.8607274863,616
1200784,30161.6666445471,630
1200450,30182.5634206705,645
1200113,30238.3035703085,665
1199762,30250.3703970845,694
1199435,30277.701459819,712
1199093,30314.4573005143,732
1198792,30296.8368700656,733
1198490,30286.0713335741,738
1198154,30311.2204230857,743
1197842,30272.7426847597,752
1197489,30282.2790957783,759
1197150,30323.8426102289,779
1196846,30318.5979808446,797
1196513,30300.1132157403,801
1196170,30274.2740128404,789
1195790,30298.098692104,790
1195442,30295.1313207177,813
1195070,30292.8704110025,817
1194665,30299.5973236191,829
1194258,30272.9332543097,819
1193898,30272.1478561463,831
1193520,30276.8602451267,843
1193091,30258.6286377818,842
1192678,30290.3467669256,847
1192274,30313.8297753353,851
1191855,30314.0598131314,839
1191412,30326.5472472536,844
1191000,30305.5551863551,846
1190510,30307.0306979069,856
1190077,30313.9087118275,845
1189625,30289.6797735004,849
1189211,30272.3057291307,845
1188744,30323.7540971344,840
1188281,30346.7933782347,837
1187826,30353.648272192,809
1187321,30391.1105745584,808
1186888,30392.6419026391,789
1186428,30406.7396013342,771
1185993,30386.2634325569,745
1185486,30369.4842168006,714
1185014,30362.0344942299,710
1184559,30382.8359855783,698
1184102,30407.8666703515,672
1183633,30415.6417154933,645
1183191,30406.9070509209,615
1182738,30406.7722978998,591
1182248,30465.1150281069,575
1181792,30539.356291132,525
1181329,30604.7839530924,495
1180876,30640.9054969282,456
1180413,30743.0168347723,450
1179972,30779.1220303253,411
1179498,30891.532057388,367
1178987,31031.0267611063,306
1178510,31151.100200253,254
1178016,31317.8306819308,180
1177512,31532.6773694087,114
1176968,31785.042175782,35
1176338,32109.8868793035,-71
1175738,32503.8167295603,-182
1175107,33017.994240231,-341
1174385,33608.413994202,-552
1173675,34270.0354749999,-744
1172807,35261.4373144155,-1019
1171870,36413.0400641227,-1353
1170776,37905.8297774788,-1777
1169579,39657.6717415788,-2267
1167988,42242.6338736639,-2999
1166113,45467.15417316,-3823
1163888,49454.3918553386,-4827
1160945,54983.1370569673,-6152
1157489,61522.3174518026,-7686
1153046,70000.3395433602,-9531
1147426,80714.0595556042,-11783
1140582,93608.7499699343,-14232
1131992,109548.414640468,-16995
1121554,128245.20992862,-19972
0,0,0
