Area,Perimeter,Euler
1310719,4370.22873717373,0
1310719,4370.22873717373,0
1310717,4375.5917712964,-2
1310658,4499.0368408928,-33
1310155,5321.22402279969,-134
1308154,7111.29733914674,-77
1304557,8796.27840290246,-133
1299797,10827.6747114087,-68
1294084,12136.9902288182,-18
1288389,13066.2108603042,-2
1282978,13463.6431272732,10
1278633,13653.3993466904,-35
1275256,13876.0306559124,-81
1272475,14286.0264885739,-91
1269830,14768.7813010282,-78
1267484,15205.9012785914,-90
1265455,15571.0572511275,-100
1263583,15990.1361908957,-68
1261840,16247.5714053862,-86
1260244,16569.1166432698,-114
1258847,16840.1731325802,-142
1257523,17185.3756001407,-160
1256281,17453.2904967975,-176
1255086,17766.7190186854,-193
1253964,17962.8114350167,-199
1252850,18174.5328781239,-219
1251759,18476.5057501319,-210
1250725,18679.0882696033,-232
1249801,18912.4360704683,-258
1248931,19130.5359836576,-255
1248129,19363.7259115382,-265
1247316,19606.8170412547,-260
1246506,19886.6313151008,-264
1245750,20063.1677138394,-259
1244966,20280.1174380481,-261
1244223,20463.071775115,-254
1243509,20669.5254688745,-244
1242801,20851.7107560609,-238
1242112,21046.2718443116,-254
1241427,21245.8311758677,-250
1240804,21393.9421394201,-233
1240162,21519.8550365645,-227
1239543,21643.1817014226,-212
1238972,21805.0255728528,-219
1238373,21944.4644600422,-226
1237838,22048.0281894747,-224
1237298,22184.0165097222,-215
1236742,22351.7624273595,-224
1236202,22575.573817206,-224
1235656,22777.9099505984,-222
1235073,23002.8089412161,-211
1234484,23163.6931932157,-193
1233911,23341.2844961599,-187
1233331,23476.8916773074,-161
1232704,23605.4697432303,-149
1232107,23719.3947500909,-132
1231505,23867.3777323027,-114
1230933,23991.8940543875,-107
1230362,24092.6973302665,-78
1229725,24144.6779386742,-71
1229117,24204.5125287159,-52
1228583,24238.1825932865,-54
1228028,24327.1885484317,-42
1227537,24367.2370830845,-37
1227020,24404.3740628798,-29
1226541,24472.8643810017,-35
1226065,24510.2708668393,-27
1225597,24592.05713721,-17
1225129,24621.5538248847,-17
1224714,24632.8352534973,-12
1224278,24713.8919422335,20
1223861,24762.3892871336,27
1223462,24794.3374540735,29
1223038,24808.8557601147,35
1222613,24869.9752921582,50
1222228,24914.1250388952,67
1221853,24936.1325357531,66
1221491,25006.0820171439,93
1221110,25021.7505121658,97
1220771,25068.3122699219,111
1220431,25110.4311447398,117
1220061,25131.8274647016,135
1219703,25166.1154778489,161
1219367,25212.1776917666,177
1219036,25251.1386256482,196
1218717,25285.9030626705,205
1218334,25341.390054549,220
1217973,25424.1522926332,229
1217604,25494.3481601029,253
1217214,25507.6768089174,270
1216852,25524.1470503855,287
1216477,25588.0433842652,298
1216129,25593.2158488379,318
1215744,25583.7121343849,336
1215415,25562.2994661403,355
1215073,25554.3896679775,368
1214755,25551.382828345,370
1214420,25548.2807039375,391
1214078,25551.763967445,406
1213798,25535.1195047098,416
1213500,25514.1274438113,427
1213177,25486.0273311962,447
1212915,25497.9594049511,451
1212637,25461.338317277,443
1212356,25449.652629601,446
1212079,25477.4832361739,447
1211807,25481.354410462,471
1211506,25468.0026416842,472
1211245,25475.3570794798,475
1211000,25457.0628839255,477
1210728,25467.6936673959,490
1210482,25461.2757290676,499
1210256,25449.89901568,503
1210008,25464.4173217212,517
1209762,25446.2973474341,514
1209512,25426.4718237992,521
1209281,25392.4927849402,521
1209024,25384.7735563274,528
1208764,25377.6491563279,538
1208533,25357.9978539601,542
1208300,25365.5265130229,551
1208061,25381.4250458409,555
1207817,25342.0271563304,566
1207557,25342.1782576343,574
1207314,25335.283895431,589
1207059,25349.6511001682,601
1206787,25355.5694946582,603
1206517,25387.5965980903,620
1206262,25376.0851316815,609
1205947,25414.2211991536,619
1205643,25394.799934582,641
1205335,25393.6333973185,651
1204968,25365.8027907456,644
1204645,25379.7262681735,658
1204304,25357.8535243366,678
1203974,25350.5549030699,694
1203635,25324.2161563317,712
1203288,25277.5359938373,715
1202919,25254.782567062,715
1202575,25215.3057410593,712
1202209,25136.2962725249,723
1201858,25071.979331299,723
1201519,24994.2548047664,729
1201176,24932.3893428057,733
1200879,24853.9188863558,747
1200588,24775.1789238637,746
1200284,24704.8088351267,750
1199988,24599.1026007173,752
1199716,24546.7177332462,760
1199451,24493.1268602656,771
1199168,24433.9429153663,776
1198902,24385.2944691622,778
1198655,24335.3610809564,784
1198402,24306.5939749162,795
1198144,24282.9203969564,803
1197863,24223.0068704225,802
1197606,24198.1831034821,802
1197339,24185.0613725005,803
1197105,24165.870145725,814
1196845,24124.5366690705,820
1196611,24082.5525472736,822
1196386,24044.4559480477,820
1196160,23995.2126732302,818
1195957,23945.6835440877,821
1195716,23913.2194850267,830
1195475,23867.4431254339,836
1195230,23833.8288773923,839
1194999,23769.0518605741,844
1194780,23709.2567387785,850
1194571,23675.2218833906,858
1194338,23628.0652970212,864
1194096,23594.0862581622,871
1193862,23541.37606812,875
1193646,23490.2366744047,875
1193435,23429.7119709746,880
1193214,23345.5136895848,876
1193003,23307.2265208088,880
1192779,23257.9832459914,880
1192571,23213.1665058293,892
1192345,23201.1949638283,900
1192129,23133.9664677449,901
1191935,23074.6477698244,890
1191733,23016.3445078634,893
1191510,22930.4406771257,886
1191299,22876.3897285528,877
1191109,22829.0983891622,880
1190943,22787.1142673654,888
1190746,22737.4503852018,884
1190564,22700.4086901815,893
1190386,22645.8976660164,886
1190191,22562.7148205861,873
1189983,22502.6107245022,858
1189793,22458.8257685824,864
1189601,22432.0895344613,879
1189410,22376.1424669905,884
1189224,22326.899192173,885
1189029,22271.2774472734,876
1188810,22191.0225049834,870
1188601,22152.1241593112,880
1188402,22098.8586089018,886
1188202,22051.9715285745,876
1187959,22019.1426786962,881
1187721,21947.7013374708,876
1187481,21916.8638912655,874
1187248,21848.0645988553,867
1187009,21798.3612484456,855
1186790,21734.0443072196,853
1186558,21686.467113504,844
1186309,21619.833446034,849
1186102,21565.6872126861,837
1185855,21512.8422696228,831
1185601,21473.0795892951,823
1185364,21431.2302205193,814
1185123,21365.3982994955,795
1184905,21311.5379204727,781
1184657,21233.5438878979,762
1184445,21196.7880472026,753
1184220,21159.381561365,747
1183998,21112.4550127917,743
1183788,21106.5760865478,735
1183590,21058.6735702611,720
1183376,21066.0116597739,727
1183161,21069.3832902236,730
1182960,21043.2024164697,729
1182770,21002.2337306324,723
1182531,20988.0243988795,717
1182320,20950.3878752458,711
1182111,20936.2901765507,694
1181878,20929.0310235301,685
1181647,20900.549771815,677
1181423,20890.609101733,662
1181206,20884.2306316508,648
1180970,20889.8237035696,633
1180703,20899.1531967554,622
1180466,20924.5323240631,584
1180226,20963.4537896985,568
1179953,20964.373940883,532
1179704,21022.963057169,498
1179417,21108.945824399,460
1179160,21237.1032829757,411
1178828,21442.6204772679,330
1178487,21748.2739540139,215
1178116,22058.8698575365,100
1177688,22536.6005018002,-45
1177091,23322.9356459135,-306
1176400,24453.4972898738,-657
1175441,26086.153269446,-1175
1174234,28391.925847942,-1851
1172650,31481.8679456112,-2702
1170594,35655.0639995673,-3766
1167803,41268.8391206758,-5106
1164144,48707.1661408286,-6829
1159365,58268.2256942378,-8911
1153318,70236.3375258972,-11280
1145488,85216.4994791064,-14038
1135855,103148.659307552,-17002
0,0,0
