Area,Perimeter,Euler
1310719,4370.22873717373,0
1310719,4370.22873717373,0
1310716,4378.27328835774,-3
1310612,4595.62727162976,-52
1309942,5455.77629974148,-110
1308262,6588.55261349044,-49
1306038,7301.9178932195,-47
1303601,8075.03205481757,-110
1301040,8950.85238287303,-86
1298676,9393.77235018783,-31
1296568,9582.44096883374,-38
1294727,9832.6959667958,-36
1293246,10007.7106140561,-57
1291987,10206.1361049144,-67
1290830,10427.5518320245,-60
1289807,10605.3895210477,-73
1288834,10780.7920790885,-60
1287904,10989.427746071,-53
1286975,11188.9870776271,-68
1286095,11353.5682826476,-70
1285272,11478.3704590574,-71
1284556,11615.1047092222,-81
1283870,11763.715216613,-62
1283173,11835.0612730634,-64
1282522,11944.7176182531,-57
1281875,12053.2564710277,-67
1281236,12152.4726022971,-62
1280580,12211.4428576832,-48
1280029,12247.0485093978,-54
1279507,12304.3526836821,-61
1279056,12358.594201805,-78
1278597,12457.310789236,-75
1278190,12525.8405756039,-77
1277779,12595.6947722198,-73
1277388,12624.501346506,-82
1276989,12685.4071890362,-93
1276602,12768.2088953664,-96
1276194,12864.8946108784,-94
1275804,12970.0849531666,-87
1275459,13020.0346896552,-83
1275131,13085.4065350868,-82
1274764,13146.0265232919,-87
1274430,13220.8000267209,-92
1274084,13276.9213154589,-90
1273740,13339.8022133791,-88
1273385,13404.6186984434,-92
1273063,13455.0121622415,-94
1272782,13499.2177255074,-100
1272505,13553.5939966514,-103
1272214,13641.9098384082,-114
1271927,13733.2719880437,-118
1271643,13796.7082463312,-118
1271312,13920.3438854776,-119
1271003,14003.2408765828,-119
1270638,14109.7883256846,-131
1270292,14209.8456716462,-130
1269952,14296.3606792801,-130
1269619,14372.514409486,-146
1269279,14420.1474197305,-137
1268934,14536.0080137352,-143
1268583,14650.1794066747,-155
1268246,14746.6745526367,-152
1267929,14827.9054626401,-157
1267530,14902.2978269691,-150
1267181,14986.2497222799,-157
1266842,15021.3952984023,-159
1266501,15087.18775118,-161
1266191,15151.3699393849,-162
1265904,15238.8050982033,-168
1265627,15310.1116864076,-171
1265348,15430.0503725332,-189
1265042,15497.2394003704,-197
1264782,15593.8298311074,-207
1264535,15668.5475180075,-213
1264271,15756.2127146221,-217
1264029,15836.2144991527,-230
1263771,15984.2696461762,-246
1263471,16143.9151961006,-265
1263198,16285.7660943091,-277
1262917,16423.1904578622,-281
1262628,16518.2100922724,-288
1262365,16648.2405497838,-302
1262108,16808.5136248873,-310
1261861,16918.3210713809,-313
1261599,17053.0475695899,-316
1261316,17188.6710990201,-318
1261039,17346.3415935544,-332
1260752,17538.681240336,-345
1260434,17710.8305726654,-347
1260141,17889.5720645903,-368
1259806,18107.7277943085,-377
1259504,18300.2580106401,-385
1259183,18474.3429301136,-390
1258850,18645.3651934256,-378
1258520,18823.091249391,-366
1258157,18989.7822628227,-367
1257860,19142.8751213977,-361
1257539,19306.8846177681,-360
1257219,19442.0875398522,-349
1256913,19576.7745698151,-342
1256644,19698.2445840214,-330
1256353,19812.360160432,-332
1256070,19925.3091995792,-325
1255786,20036.8780119496,-319
1255510,20155.0158639523,-307
1255222,20262.0233886462,-296
1254948,20357.3683456275,-289
1254680,20475.6014824052,-282
1254417,20600.7684496323,-273
1254152,20674.2570110596,-266
1253898,20810.3800843282,-268
1253586,20908.0975840825,-257
1253293,21026.4654738813,-252
1253015,21114.741847392,-254
1252708,21223.5338579261,-245
1252441,21292.310030373,-238
1252190,21383.133167924,-232
1251889,21504.6984669052,-222
1251658,21567.4051435583,-222
1251411,21646.2403908254,-222
1251147,21732.7948667054,-225
1250870,21831.1861315653,-212
1250628,21905.8643502193,-204
1250365,21983.2240859347,-201
1250099,22033.5386132406,-200
1249833,22091.4770843843,-196
1249561,22181.7843298141,-188
1249255,22294.8844702652,-186
1248954,22387.7221314524,-170
1248617,22489.866165862,-144
1248326,22573.7391246807,-147
1247983,22685.6332596223,-121
1247601,22782.0889373381,-113
1247208,22852.419557829,-108
1246861,22928.2479654637,-93
1246458,22998.5227694256,-73
1246008,23108.7508232654,-57
1245576,23189.9980815516,-40
1245131,23216.8690686939,-24
1244684,23267.3346973037,-2
1244247,23315.1024605694,10
1243827,23334.8490477122,30
1243427,23389.0347493061,63
1242990,23413.1452828948,70
1242624,23445.4351206887,85
1242245,23474.3764479961,104
1241880,23486.3479899971,124
1241496,23514.5433873872,150
1241147,23495.7727679579,162
1240813,23449.480516244,175
1240489,23440.1510230582,175
1240159,23403.8552579552,178
1239822,23394.6047012616,186
1239500,23365.5680891792,192
1239161,23340.5537526888,196
1238852,23354.4050653049,222
1238546,23305.3918282836,223
1238233,23312.230373958,231
1237899,23298.0537387708,243
1237598,23296.236556365,258
1237272,23275.3792484877,270
1236982,23267.643671592,285
1236712,23255.576844816,292
1236404,23230.1419009795,304
1236091,23218.1308907324,312
1235797,23216.1000188133,318
1235500,23204.3979828546,320
1235189,23208.4597266927,327
1234901,23187.6582353443,333
1234611,23172.3150628936,333
1234325,23124.6589326857,336
1234010,23134.9249253388,344
1233727,23132.0528387274,346
1233426,23129.3713216661,363
1233119,23122.8812185261,384
1232857,23063.3324828094,383
1232586,23057.6999426446,393
1232305,23047.2039121953,395
1231994,23040.1747969709,406
1231682,23022.9749738683,406
1231389,23003.6095258256,410
1231087,22982.3316106021,422
1230802,22987.0834678286,423
1230531,22952.8743911736,426
1230240,22946.8607119086,441
1229956,22918.2841754184,442
1229678,22903.5358315811,448
1229382,22881.4888664771,452
1229085,22860.9568811709,451
1228788,22850.1749963966,466
1228490,22820.8919982353,479
1228158,22812.6174092551,484
1227867,22776.2100110943,491
1227574,22750.1802386443,500
1227312,22744.4524137044,510
1227019,22740.6207076624,519
1226716,22749.1648026848,537
1226405,22720.1676588485,550
1226073,22737.5580515011,562
1225732,22704.7850181517,562
1225395,22708.6167241936,590
1225057,22700.8416790519,591
1224691,22647.6550651346,622
1224323,22613.5412732546,633
1223947,22581.9578971319,641
1223549,22526.4709052534,646
1223182,22494.6806112979,657
1222818,22478.1872498666,649
1222435,22430.744809172,651
1222062,22372.6157684783,668
1221676,22329.2514199047,673
1221260,22284.5463128004,682
1220871,22190.2726083075,682
1220491,22124.0595481836,694
1220102,22052.4671056543,709
1219721,21972.4653211237,695
1219352,21910.0281505129,695
1218963,21841.633117166,689
1218573,21705.9701194897,686
1218218,21591.4339357329,701
1217834,21447.4963490764,691
1217517,21323.955994705,677
1217207,21284.9392442946,666
1216895,21183.3111020061,653
1216577,21068.5054122071,633
1216247,20981.5303289809,622
1215929,20901.695994037,605
1215655,20861.0526307709,601
1215362,20855.4990270982,586
1215070,20790.2061181588,584
1214766,20762.0733089781,578
1214504,20728.2290231403,584
1214205,20703.1194018748,566
1213911,20718.7878968967,546
1213608,20748.3798693464,513
1213327,20791.839502695,490
1213022,20873.0145961695,460
1212705,20981.1559615613,412
1212345,21172.7496784256,346
1211993,21366.12788113,257
1211581,21672.7178573434,138
1211144,22063.8709057638,-9
1210618,22675.0825744808,-210
1210057,23427.113357164,-435
1209311,24507.2815373263,-747
1208406,25896.7048624804,-1129
1207392,27690.6888213617,-1607
1205962,30178.0123901846,-2227
1204299,33206.2564754798,-2943
1202208,37153.8730020322,-3844
1199694,41827.9601910125,-4900
1196480,47991.9159618891,-6149
1192280,55790.9397233571,-7614
1187140,65346.0047507061,-9500
1180967,76547.3701524105,-11465
1173401,89955.5942039495,-13610
0,0,0
