Area,Perimeter,Euler
1310719,4370.22873717373,0
1310719,4370.22873717373,0
1310707,4400.28078521568,-10
1310534,4704.78407298108,-55
1309827,5473.07140761904,-89
1307948,7031.03562517627,-160
1304758,8749.8840947331,-127
1300816,10240.169317217,-93
1296561,11247.5677791474,-7
1292619,11575.01786816,-9
1289339,11866.7737923634,-9
1286591,12010.4052096534,-43
1284418,12353.9810643582,-58
1282564,12536.0084785601,-42
1280940,12808.3104416262,-60
1279431,13061.5559309379,-51
1277961,13393.0023706573,-85
1276587,13720.0453956847,-97
1275264,14073.9988761003,-100
1274030,14357.0596039774,-111
1272863,14598.9841964304,-128
1271859,14830.6427962303,-132
1270894,15056.0182107231,-147
1269933,15368.0665058341,-149
1269040,15592.3937878017,-169
1268116,15860.5387222547,-195
1267223,16107.3499249553,-211
1266406,16259.9595879748,-217
1265695,16408.9348861828,-215
1264938,16634.4287054138,-210
1264216,16843.9055870886,-228
1263561,17010.0248918702,-245
1262929,17194.1226462373,-257
1262326,17376.9980468121,-259
1261715,17606.3235720851,-299
1261075,17857.9655685044,-298
1260474,18092.0592992867,-301
1259901,18310.0081111721,-318
1259298,18515.692755051,-332
1258715,18790.2556278322,-344
1258193,18969.3619105744,-340
1257629,19140.0588513153,-344
1257070,19312.2081836447,-347
1256563,19480.1052025859,-341
1256064,19646.7172795254,-351
1255574,19773.2808218122,-350
1255036,19954.3390399811,-364
1254580,20118.7133271688,-372
1254109,20323.4451232975,-384
1253617,20549.3200816286,-399
1253117,20812.6804622895,-404
1252581,21076.1919442543,-440
1252018,21321.9482427493,-453
1251475,21627.6180677781,-459
1250907,21853.8020003975,-468
1250354,22117.2576658334,-457
1249800,22319.823837022,-447
1249229,22539.8756856382,-449
1248637,22764.6793914808,-446
1248120,22955.0834511184,-446
1247594,23138.9742876527,-449
1247016,23358.7797501899,-454
1246445,23546.27225497,-444
1245882,23663.6410570921,-455
1245336,23817.8841046477,-440
1244794,23962.2028304042,-433
1244340,24077.8497348956,-416
1243877,24189.6649333449,-413
1243431,24296.8466793061,-406
1242982,24472.7324329025,-415
1242550,24607.6100324154,-408
1242137,24731.8173802119,-409
1241718,24891.3281771152,-391
1241303,24972.9402262187,-381
1240898,25086.9210496083,-389
1240507,25226.5505063477,-388
1240084,25326.9889914094,-385
1239615,25464.4922914548,-383
1239225,25568.5160964796,-374
1238816,25693.4924941567,-374
1238442,25839.19144669,-365
1238060,25979.4320803256,-372
1237659,26121.434079838,-377
1237270,26266.8077098001,-362
1236887,26429.611200661,-356
1236490,26591.0739329911,-334
1236125,26744.8569049545,-322
1235722,26843.3992711183,-311
1235333,26939.0300824247,-300
1234944,27100.0885556915,-281
1234512,27262.1855848811,-277
1234121,27399.8236379476,-242
1233730,27513.0585314198,-228
1233326,27651.9978747709,-206
1232894,27731.4837671803,-185
1232508,27810.3190144474,-184
1232122,27908.6313428151,-174
1231754,27988.1172352245,-151
1231344,28070.7447202876,-148
1230995,28153.0074145333,-146
1230624,28213.7063392306,-133
1230246,28355.1366300929,-119
1229918,28418.0175280132,-99
1229581,28460.8986810313,-89
1229251,28511.1015752793,-67
1228913,28556.3620427509,-68
1228579,28606.946076099,-54
1228267,28650.0967351593,-44
1227895,28717.5158007927,-34
1227546,28775.4937401825,-33
1227201,28836.2090131626,-29
1226889,28875.0515423059,-11
1226580,28934.0449176552,-11
1226266,28969.2857785526,-13
1225942,29030.3494940671,9
1225631,29127.7253229675,16
1225333,29184.4183203556,8
1225018,29240.0005970091,12
1224713,29298.9939723585,26
1224418,29346.2063752569,36
1224104,29407.2864390542,42
1223812,29479.417893668,51
1223482,29553.1596128547,57
1223161,29630.479880324,48
1222848,29714.0833331004,41
1222526,29797.5520328557,41
1222182,29874.2611234288,39
1221832,30017.5085966969,49
1221474,30169.6649558046,42
1221074,30272.2295975604,28
1220633,30406.4007354021,29
1220218,30483.1098259752,35
1219759,30643.3733244763,58
1219291,30799.8936300299,75
1218807,30923.6803704803,104
1218318,31062.3502077891,109
1217829,31175.5851012613,133
1217375,31285.2741430166,134
1216894,31339.4598446106,160
1216403,31372.3839792639,159
1215879,31461.2783013513,176
1215361,31523.2948646159,172
1214892,31625.59677201,207
1214436,31714.7932967052,225
1213972,31749.0976581353,250
1213512,31801.1572030352,245
1213050,31857.8107321772,252
1212682,31904.1819203832,258
1212303,31959.0182671195,271
1211871,32025.6914028356,292
1211430,32074.9741458992,310
1211018,32112.0947774117,332
1210599,32163.9406327983,332
1210204,32210.7160800677,349
1209810,32290.9479023944,357
1209402,32368.823530231,367
1209025,32363.9763882295,393
1208638,32405.5957192091,408
1208248,32452.7917738246,437
1207870,32467.3658963948,441
1207497,32486.7476927203,447
1207118,32525.1696145174,450
1206723,32530.0331048017,468
1206333,32547.8277565176,471
1205937,32563.4962515395,486
1205571,32597.7053281945,502
1205195,32624.845821379,504
1204817,32678.6667321557,509
1204424,32709.3299570939,518
1204050,32733.979502767,516
1203614,32795.3454208894,534
1203202,32776.8606557851,532
1202805,32809.1341452961,539
1202435,32856.0770421523,537
1202081,32882.1068146023,526
1201719,32917.942504113,534
1201325,32912.4841852154,546
1200939,32971.7634148898,554
1200544,32973.1436416665,562
1200146,32977.9513154219,559
1199747,32967.2810637055,574
1199361,33003.2678545202,559
1199000,33005.2592581932,558
1198621,33041.7292445634,576
1198255,33086.8944272599,578
1197887,33094.8995101978,584
1197540,33125.8880577071,585
1197163,33158.122078972,595
1196768,33134.6227222795,616
1196384,33133.5514697911,620
1196024,33177.4711787319,619
1195613,33217.8286876731,631
1195206,33271.8796362459,626
1194756,33266.8977412233,625
1194338,33283.2958178796,640
1193908,33324.550358042,644
1193483,33345.6771719615,655
1193061,33389.8432669813,643
1192637,33423.171660698,653
1192176,33487.7975762123,665
1191654,33528.9962998457,659
1191149,33580.7305221744,678
1190630,33584.0463360952,697
1190157,33629.2115187918,720
1189614,33678.8754009554,731
1189045,33749.2454896924,740
1188518,33751.9433550365,733
1187976,33829.9768558574,746
1187410,33881.7110781862,748
1186789,33948.6700682274,732
1186177,34011.2256435765,740
1185575,34017.0651015742,740
1185037,34090.9973903109,753
1184423,34105.3414750849,757
1183831,34138.5119958172,770
1183187,34175.6326273297,764
1182586,34189.6513895326,747
1181968,34178.5047139411,742
1181340,34199.7268126356,750
1180742,34235.3324643503,740
1180163,34281.299393493,735
1179532,34394.8037930075,695
1178957,34407.1006575796,707
1178364,34429.5287617837,683
1177770,34471.0922762344,667
1177168,34489.0216809714,665
1176568,34496.1460809709,666
1175952,34521.5252082786,629
1175372,34553.0691161551,623
1174777,34590.3408489716,602
1174148,34634.2769061953,577
1173546,34592.7692082735,565
1172928,34664.0989164411,553
1172328,34672.4293219501,529
1171728,34747.5117996675,482
1171037,34932.9965524919,441
1170396,35022.3672984543,425
1169775,35190.42219038,387
1169084,35413.7898529169,345
1168340,35560.7900957348,306
1167572,35801.1833601071,257
1166830,35970.6348270924,167
1165989,36300.1755713115,93
1165158,36697.572336793,-18
1164271,37187.7509469327,-142
1163327,37863.9860185469,-334
1162323,38631.5437715504,-570
1161148,39776.1405259964,-870
1159876,41238.7896782161,-1232
1158289,43264.9549006988,-1763
1156437,46102.6302816916,-2543
1154121,49783.6658984374,-3521
1151162,54819.5904411111,-4817
1147464,61512.8926738419,-6440
1142908,69986.255388026,-8407
1137296,80555.7655026494,-10739
0,0,0
