Area,Perimeter,Euler
1310719,4370.22873717373,0
1310719,4370.22873717373,0
1310670,4475.59330072918,-18
1310267,4957.78317621385,-48
1309413,5377.16431859,-19
1308620,5617.51811471622,-22
1307878,5845.00333762021,-22
1307173,6015.66081011501,-28
1306552,6207.51726134107,-31
1305917,6415.69285273127,-44
1305322,6617.74313179869,-54
1304733,6834.93924208632,-51
1304155,7038.76723531337,-59
1303528,7240.68276135967,-81
1302903,7523.02067928273,-105
1302246,7839.51185733193,-113
1301570,8113.69359101315,-123
1300874,8463.01361894065,-118
1300162,8781.97939621834,-109
1299417,9030.51249654967,-116
1298705,9278.60186957156,-132
1298002,9524.58820586267,-170
1297257,9829.85377182818,-171
1296571,10059.2678101957,-204
1295868,10359.0750572636,-255
1295211,10645.6489402919,-287
1294567,10938.7918629525,-317
1293866,11395.2378203123,-380
1293145,11916.5560792653,-427
1292383,12464.2689014854,-450
1291645,12961.2398173731,-485
1290842,13586.946672168,-514
1290084,14149.5194712834,-548
1289307,14677.3441816592,-563
1288475,15358.3638070655,-586
1287699,15938.659093085,-598
1286884,16610.2934087766,-609
1286053,17227.2030107898,-635
1285200,17820.3437500683,-628
1284339,18468.3044878001,-645
1283512,19092.0689837706,-678
1282667,19740.8872844776,-694
1281860,20397.1947760014,-719
1281080,21079.341470425,-735
1280340,21657.1390372528,-743
1279552,22258.7054668153,-771
1278711,22914.8455087523,-781
1277846,23560.9495958323,-792
1277012,24174.5828521708,-824
1276177,24781.8049418615,-842
1275317,25507.1812318376,-897
1274409,26296.7233617358,-908
1273472,26936.8069978704,-916
1272529,27650.3628471495,-948
1271590,28343.0613885513,-1005
1270698,28962.8988937048,-1049
1269759,29703.5394196394,-1082
1268796,30439.6023096148,-1104
1267776,31204.7018116726,-1125
1266744,31992.8569431135,-1172
1265743,32732.8468239059,-1198
1264696,33477.6443784537,-1228
1263675,34106.0192069491,-1269
1262636,34757.2889869213,-1305
1261599,35421.9037639908,-1359
1260643,36018.7578045729,-1427
1259673,36652.7324766676,-1477
1258750,37326.755683415,-1500
1257811,38003.729913266,-1560
1256933,38675.0552546693,-1598
1255945,39432.9677685183,-1673
1254966,40213.584664294,-1748
1253991,40959.525636142,-1786
1252960,41816.1778573852,-1869
1251955,42652.2191568301,-1946
1250861,43597.3450928145,-2044
1249803,44486.445024836,-2132
1248667,45468.8032253908,-2226
1247486,46456.4849918222,-2351
1246316,47472.0531813554,-2459
1245099,48533.3024457063,-2530
1243906,49649.3485885473,-2622
1242632,50794.2965904496,-2762
1241347,51971.4295687685,-2845
1240065,53047.9430690778,-2957
1238707,54360.2953177636,-3094
1237307,55695.7657840418,-3218
1235873,56989.9749384771,-3326
1234410,58413.2058861449,-3465
1232862,59801.7840298481,-3568
1231361,61254.669538175,-3714
1229741,62791.6281514728,-3843
1228117,64315.0906663695,-3947
1226547,65797.9819828117,-4079
1224919,67270.8768126431,-4185
1223249,68827.2961587587,-4294
1221629,70419.170055285,-4421
1219905,71999.3419158525,-4512
1218178,73670.0414830436,-4610
1216436,75298.2506129191,-4703
1214632,76996.1397181431,-4827
1212880,78698.0905672053,-4960
1211064,80476.9016081444,-5113
1209288,82229.2228010414,-5245
1207396,84120.079078226,-5415
1205517,85968.593214477,-5528
1203536,87864.9472788055,-5655
1201439,89975.6321384906,-5846
1199334,92106.6420656491,-6028
1197104,94387.3106327235,-6213
1194807,96616.3960787731,-6415
1192459,98948.1318747511,-6585
1189979,101496.475724084,-6821
1187439,104162.608982885,-6993
1184747,106911.50447977,-7233
1181931,109662.289323873,-7452
1179179,112459.18262182,-7661
1176224,115541.15794296,-7953
1173196,118683.316296677,-8259
1170036,121877.050999738,-8480
1166810,125240.299757994,-8767
1163488,128593.719479226,-9079
1160024,132278.513475365,-9393
1156443,136096.456401706,-9700
1152634,140105.983468309,-9996
1148499,144651.021777335,-10357
1144177,149415.389125023,-10755
1139564,154530.854214799,-11196
1134599,160110.12647141,-11607
1129288,166225.047528387,-12121
1123496,172902.824433883,-12605
1117182,180058.144219014,-13144
1110312,187944.065770301,-13668
1102758,196475.710269568,-14228
1094520,205663.645912076,-14702
1085546,215784.403854316,-15156
1076205,225629.514127925,-15375
1065899,236272.759671303,-15574
1055113,247072.490018748,-15557
1043593,258301.962785996,-15270
1031415,269687.992522122,-14870
1018399,281118.94666471,-14259
1004608,292998.956825375,-13642
990261,304516.669556753,-12736
975218,316360.853604509,-11793
959304,328306.761079329,-10680
942603,340333.399920313,-9522
924972,352635.538133546,-8287
906089,365783.143586022,-7104
885890,379697.761007736,-5758
864318,394024.094516657,-4249
840969,409449.006001111,-2522
815369,425688.997777592,-623
787517,443004.100869479,1799
757102,460441.470112174,4748
723409,477886.007189874,8520
686979,494105.55665598,13258
647876,507049.892479857,19503
606562,515779.977855768,26358
563660,518989.38850612,33711
519597,516127.569413724,40507
475394,507608.903477652,46276
431793,492463.706053014,50991
390011,473142.100460039,54611
349906,449418.279457202,56918
312480,423568.204351191,58427
277817,395251.329728146,58513
246266,366313.456672528,57707
217729,336980.210951667,56050
192053,308054.814110484,53971
169250,280379.505406806,51206
149293,254094.30336999,48041
131571,229391.807576258,44765
116119,207043.928986619,41501
102740,186843.955139712,38312
91069,168456.003484559,35382
80930,152055.686301956,32623
71875,137042.590156243,29993
64114,123623.142816294,27462
57252,111728.798147458,25217
51238,101061.638249884,23194
46055,91616.7533933635,21301
41414,83144.0233329536,19586
37339,75422.9851892948,17957
33784,68654.7758619505,16490
30583,62573.2418201408,15195
27771,56987.2984674419,13930
25284,52085.8878953006,12857
23043,47591.7848670789,11816
21032,43549.3827106711,10892
19232,39862.4027745502,9972
17654,36634.5802044942,9212
16224,33652.093325587,8484
14953,30996.4752504399,7815
13793,28575.7921207675,7195
12755,26380.5701137604,6645
11846,24475.8884488448,6169
11029,22697.4055353987,5696
10283,21083.2016243652,5255
9583,19598.1311396219,4850
8981,18329.9545625584,4511
8441,17228.1109797898,4231
7942,16172.9639077984,3961
7474,15202.5868258469,3701
7070,14337.7648770009,3469
6672,13509.5081993001,3251
6294,12703.2195502112,3027
5976,12027.6351237393,2843
5688,11433.1863224959,2692
5415,10862.7758900294,2550
5132,10284.4161911539,2402
4884,9787.19211750686,2288
4669,9358.30726067774,2184
4486,9003.91005295261,2100
4296,8616.22391975693,2003
4127,8273.98882358282,1918
3970,7965.08212112537,1849
3815,7655.71534307566,1780
3691,7402.39091727175,1718
3552,7137.95928412244,1658
3417,6864.52348035852,1589
3320,6674.30999027098,1545
3209,6467.58679046928,1505
3101,6239.64149197303,1449
3014,6070.2853097628,1410
2934,5916.50233779941,1375
2849,5749.7718561216,1338
2772,5594.97344819868,1296
2691,5433.70128541855,1258
2616,5295.16620113085,1238
2551,5164.1761241888,1211
2486,5042.99196430758,1186
2410,4899.93506058952,1154
2351,4783.97918180986,1123
2280,4656.64658964257,1095
2214,4519.27804261832,1056
2156,4414.54777592235,1038
2096,4307.69135253231,1019
2041,4208.2846517129,1001
1983,4101.19819052674,980
1920,3973.73084533833,947
1865,3881.71805056065,936
1805,3769.36384002682,911
1753,3671.66268855533,892
1709,3585.79832606371,876
1667,3505.85235806203,859
1609,3400.10665540653,840
1560,3307.86382283271,823
1513,3223.47497189287,814
1466,3122.49747474667,787
1422,3028.22377025381,760
1392,2969.36514792557,746
1365,2919.43175971974,735
1335,2861.68385812603,722
1294,2769.63159510225,695
1270,2720.71364285594,684
0,0,0
